20.000 0.000 0.000
19.960 1.268 0.634
19.839 2.532 1.266
19.639 3.785 1.893
19.359 5.023 2.511
19.001 6.241 3.120
18.567 7.433 3.717
18.059 8.596 4.298
17.477 9.724 4.862
16.825 10.813 5.406
16.105 11.858 5.929
15.321 12.856 6.428
14.475 13.802 6.901
13.570 14.692 7.346
12.611 15.523 7.761
11.601 16.292 8.146
10.545 16.995 8.497
9.445 17.629 8.815
8.308 18.193 9.096
7.138 18.683 9.341
5.938 19.098 9.549
4.715 19.436 9.718
3.473 19.696 9.848
2.217 19.877 9.938
0.952 19.977 9.989
-0.317 19.997 9.999
-1.585 19.937 9.969
-2.846 19.796 9.898
-4.096 19.576 9.788
-5.329 19.277 9.638
-6.541 18.900 9.450
-7.727 18.447 9.224
-8.881 17.920 8.960
-10.000 17.321 8.660
-11.078 16.651 8.326
-12.112 15.915 7.958
-13.097 15.115 7.557
-14.029 14.254 7.127
-14.905 13.335 6.668
-15.721 12.363 6.182
-16.474 11.341 5.671
-17.160 10.274 5.137
-17.777 9.165 4.582
-18.322 8.019 4.009
-18.794 6.840 3.420
-19.190 5.635 2.817
-19.509 4.406 2.203
-19.749 3.160 1.580
-19.909 1.901 0.951
-19.990 0.635 0.317
-19.990 -0.635 -0.317
-19.909 -1.901 -0.951
-19.749 -3.160 -1.580
-19.509 -4.406 -2.203
-19.190 -5.635 -2.817
-18.794 -6.840 -3.420
-18.322 -8.019 -4.009
-17.777 -9.165 -4.582
-17.160 -10.274 -5.137
-16.474 -11.341 -5.671
-15.721 -12.363 -6.182
-14.905 -13.335 -6.668
-14.029 -14.254 -7.127
-13.097 -15.115 -7.557
-12.112 -15.915 -7.958
-11.078 -16.651 -8.326
-10.000 -17.321 -8.660
-8.881 -17.920 -8.960
-7.727 -18.447 -9.224
-6.541 -18.900 -9.450
-5.329 -19.277 -9.638
-4.096 -19.576 -9.788
-2.846 -19.796 -9.898
-1.585 -19.937 -9.969
-0.317 -19.997 -9.999
0.952 -19.977 -9.989
2.217 -19.877 -9.938
3.473 -19.696 -9.848
4.715 -19.436 -9.718
5.938 -19.098 -9.549
7.138 -18.683 -9.341
8.308 -18.193 -9.096
9.445 -17.629 -8.815
10.545 -16.995 -8.497
11.601 -16.292 -8.146
12.611 -15.523 -7.761
13.570 -14.692 -7.346
14.475 -13.802 -6.901
15.321 -12.856 -6.428
16.105 -11.858 -5.929
16.825 -10.813 -5.406
17.477 -9.724 -4.862
18.059 -8.596 -4.298
18.567 -7.433 -3.717
19.001 -6.241 -3.120
19.359 -5.023 -2.511
19.639 -3.785 -1.893
19.839 -2.532 -1.266
19.960 -1.268 -0.634
20.000 -0.000 -0.000
